0 0.06597222222222222 0.059027777777777776 0.08128612716763008 0.10336384071933202
1 0.1875 0.059027777777777776 0.09433204881181759 0.10737797045600513
2 0.4409722222222222 0.0625 0.1013567758509955 0.10938503532434168
3 0.5659722222222222 0.0625 0.10938503532434168 0.10737797045600513
4 0.6909722222222222 0.0625 0.0842967244701348 0.11339916506101476
1 0.8142361111111112 0.0625 0.09132145150931276 0.10938503532434168
0 0.9375 0.06597222222222222 0.08228965960179835 0.10035324341682722
4 0.3142361111111111 0.059027777777777776 0.08931438664097621 0.1083815028901734
5 0.0625 0.1909722222222222 0.07526493256262043 0.09633911368015419
5 0.19270833333333334 0.19270833333333334 0.07927906229929353 0.08931438664097624
5 0.3159722222222222 0.19270833333333334 0.07526493256262039 0.09433204881181759
5 0.4409722222222222 0.19618055555555555 0.07325786769428394 0.09533558124598586
5 0.5659722222222222 0.19444444444444445 0.07727199743095693 0.09633911368015413
5 0.6909722222222222 0.19791666666666666 0.07927906229929348 0.09633911368015416
5 0.8159722222222222 0.19791666666666666 0.07927906229929348 0.09332851637764933
5 0.9427083333333334 0.19791666666666666 0.0762684649967886 0.09132145150931278
6 0.059027777777777776 0.8177083333333334 0.07526493256262043 0.088310854206808
6 0.1857638888888889 0.8159722222222222 0.07426140012845221 0.09132145150931287
6 0.3107638888888889 0.8159722222222222 0.07526493256262039 0.08931438664097621
6 0.4375 0.8159722222222222 0.07426140012845206 0.08931438664097621
6 0.5607638888888888 0.8177083333333334 0.07225433526011561 0.08730732177263976
6 0.6875 0.8177083333333334 0.07426140012845216 0.09132145150931287
6 0.8107638888888888 0.8159722222222222 0.07426140012845216 0.09332851637764931
6 0.9357638888888888 0.8194444444444444 0.08128612716762992 0.09332851637764941
7 0.06076388888888889 0.9375 0.07727199743095697 0.09934971098265895
8 0.1840277777777778 0.9340277777777778 0.09332851637764931 0.10436737315350036
9 0.3090277777777778 0.9322916666666666 0.08329319203596658 0.10938503532434168
10 0.4357638888888889 0.9305555555555556 0.1013567758509955 0.11038856775851001
11 0.5625 0.9340277777777778 0.10436737315350036 0.10436737315350036
9 0.6857638888888888 0.9340277777777778 0.08228965960179835 0.10737797045600514
8 0.8107638888888888 0.9375 0.09433204881181763 0.10938503532434168
7 0.9357638888888888 0.9409722222222222 0.0762684649967888 0.09934971098265895
