0 0.06076388888888889 0.0625 0.0802825947334618 0.09734264611432243
1 0.1840277777777778 0.06076388888888889 0.09433204881181753 0.1083815028901734
2 0.4357638888888889 0.06076388888888889 0.10236030828516382 0.11239563262684649
3 0.5607638888888888 0.06076388888888889 0.10336384071933215 0.1083815028901734
4 0.6875 0.06076388888888889 0.08329319203596658 0.11440269749518303
1 0.8142361111111112 0.06076388888888889 0.09433204881181763 0.10637443802183685
0 0.9392361111111112 0.06076388888888889 0.08228965960179835 0.10236030828516376
4 0.3090277777777778 0.06076388888888889 0.08530025690430322 0.1083815028901734
5 0.06076388888888889 0.1909722222222222 0.07927906229929353 0.09433204881181759
5 0.1857638888888889 0.19618055555555555 0.07225433526011561 0.09332851637764933
5 0.3090277777777778 0.19791666666666666 0.07125080282594728 0.09332851637764933
5 0.4340277777777778 0.19618055555555555 0.07727199743095703 0.09433204881181759
5 0.5590277777777778 0.19618055555555555 0.07727199743095693 0.09232498394348106
5 0.6875 0.19444444444444445 0.07927906229929348 0.09332851637764931
5 0.8125 0.19444444444444445 0.07927906229929348 0.09332851637764931
5 0.9375 0.19270833333333334 0.0762684649967888 0.09132145150931276
6 0.06076388888888889 0.8194444444444444 0.0762684649967887 0.09332851637764941
6 0.1857638888888889 0.8177083333333334 0.07426140012845221 0.09132145150931287
6 0.3090277777777778 0.8177083333333334 0.07225433526011561 0.09232498394348108
6 0.4357638888888889 0.8177083333333334 0.07426140012845216 0.09332851637764931
6 0.5590277777777778 0.8177083333333334 0.0762684649967887 0.08931438664097621
6 0.6857638888888888 0.8211805555555556 0.07426140012845216 0.09132145150931287
6 0.8090277777777778 0.8211805555555556 0.07426140012845216 0.09332851637764931
6 0.9392361111111112 0.8263888888888888 0.08128612716762992 0.09332851637764941
7 0.059027777777777776 0.9392361111111112 0.08128612716763008 0.09332851637764941
8 0.1840277777777778 0.9392361111111112 0.09332851637764931 0.10436737315350027
9 0.3107638888888889 0.9375 0.08128612716763002 0.10938503532434159
10 0.4322916666666667 0.9357638888888888 0.1013567758509955 0.11038856775851001
11 0.5590277777777778 0.9392361111111112 0.10436737315350036 0.10436737315350036
9 0.6840277777777778 0.9409722222222222 0.07827552986512545 0.10737797045600514
8 0.8107638888888888 0.9427083333333334 0.09505459216441874 0.10813061978163141
7 0.9375 0.9496527777777778 0.0868557321772639 0.09709176300578035
