0 0.06076388888888889 0.0625 0.0802825947334618 0.09734264611432243
1 0.1892361111111111 0.059027777777777776 0.10379154458404323 0.10471852656889441
2 0.4357638888888889 0.06076388888888889 0.10236030828516382 0.11239563262684649
3 0.5607638888888888 0.06076388888888889 0.10336384071933215 0.1083815028901734
4 0.6892361111111112 0.059027777777777776 0.08814141480490673 0.1116022614478999
1 0.8142361111111112 0.0625 0.09756657483930198 0.10474058769513314
0 0.9427083333333334 0.0642361111111111 0.07629691223851746 0.09678415128691008
4 0.3142361111111111 0.059027777777777776 0.09485927655429766 0.10715686157422889
5 0.0642361111111111 0.19270833333333334 0.07747933884297521 0.09039256198347106
5 0.1892361111111111 0.19270833333333334 0.07783239979935984 0.08948307961379427
5 0.3142361111111111 0.19444444444444445 0.07492132637462381 0.09321522503012264
5 0.4375 0.19444444444444445 0.07030532598714413 0.09039256198347106
5 0.5625 0.19444444444444445 0.06886579603178393 0.09423799874732613
5 0.6875 0.19618055555555555 0.07923286663269577 0.09036486117082543
5 0.8142361111111112 0.19444444444444445 0.07410738692760492 0.09323446631315785
5 0.9392361111111112 0.19444444444444445 0.0762684649967888 0.09132145150931274
6 0.06076388888888889 0.8194444444444444 0.0762684649967887 0.09332851637764941
6 0.1857638888888889 0.8177083333333334 0.0755350569541979 0.09329816159493001
6 0.3107638888888889 0.8177083333333334 0.07492132637462381 0.09329816159492992
6 0.4357638888888889 0.8177083333333334 0.07387632565805191 0.09329816159492992
6 0.5590277777777778 0.8177083333333334 0.0762684649967887 0.08931438664097621
6 0.6857638888888888 0.8229166666666666 0.07426140012845216 0.09132145150931287
6 0.8125 0.8229166666666666 0.07239060003609371 0.09199871149752908
6 0.9375 0.8229166666666666 0.0717401285583102 0.09326216712580354
7 0.059027777777777776 0.9375 0.08147215388249283 0.09706613560725488
8 0.1840277777777778 0.9392361111111112 0.09332851637764931 0.10436737315350027
9 0.3107638888888889 0.9375 0.08128612716763002 0.10938503532434159
10 0.4375 0.9357638888888888 0.09900137741046836 0.11334940312213032
11 0.5590277777777778 0.9392361111111112 0.10436737315350036 0.10436737315350036
9 0.6875 0.9392361111111112 0.07891414141414128 0.1076101928374656
8 0.8125 0.9409722222222222 0.08895775941230492 0.10617539026629924
7 0.9392361111111112 0.9461805555555556 0.08034894398530766 0.0961317722681358
