0 0.059027777777777776 0.06597222222222222 0.0802825947334618 0.09734264611432242
1 0.1840277777777778 0.06076388888888889 0.09518272915704598 0.10615332914006062
2 0.4357638888888889 0.059027777777777776 0.10043617998163452 0.11047979797979797
3 0.5607638888888888 0.06076388888888889 0.10336384071933215 0.1083815028901734
4 0.6857638888888888 0.059027777777777776 0.08096740194907565 0.1116022614478999
1 0.8090277777777778 0.059027777777777776 0.09182736455463728 0.10474058769513316
0 0.9357638888888888 0.0625 0.07747933884297531 0.0975665748393021
4 0.3107638888888889 0.06076388888888889 0.08912006626963276 0.11002646671656131
5 0.0625 0.19444444444444445 0.0746097337006428 0.09326216712580353
5 0.1875 0.19444444444444445 0.07747933884297521 0.08895775941230487
5 0.3142361111111111 0.19444444444444445 0.07492132637462381 0.09321522503012264
5 0.4375 0.19444444444444445 0.07030532598714413 0.09039256198347106
5 0.5607638888888888 0.19444444444444445 0.07604453627180903 0.09326216712580353
5 0.6857638888888888 0.19444444444444445 0.07604453627180884 0.0918273645546373
5 0.8107638888888888 0.19270833333333334 0.07410738692760492 0.09323446631315788
5 0.9357638888888888 0.19270833333333334 0.0762684649967888 0.09132145150931278
6 0.059027777777777776 0.8194444444444444 0.0762684649967887 0.09332851637764941
6 0.1857638888888889 0.8177083333333334 0.0755350569541979 0.09329816159493001
6 0.3107638888888889 0.8177083333333334 0.07492132637462381 0.09329816159492992
6 0.4357638888888889 0.8177083333333334 0.07387632565805191 0.09329816159492992
6 0.5590277777777778 0.8177083333333334 0.0762684649967887 0.08931438664097621
6 0.6857638888888888 0.8194444444444444 0.07426140012845216 0.09132145150931287
6 0.8072916666666666 0.8211805555555556 0.07239060003609371 0.09199871149752908
6 0.9357638888888888 0.8229166666666666 0.0717401285583102 0.09182736455463728
7 0.0625 0.9409722222222222 0.08465335169880624 0.10330578512396688
8 0.1840277777777778 0.9357638888888888 0.09332851637764931 0.10436737315350027
9 0.3107638888888889 0.9357638888888888 0.08610946896712798 0.10816868766487787
10 0.4340277777777778 0.9340277777777778 0.10043617998163452 0.10904499540863179
11 0.5590277777777778 0.9357638888888888 0.10436737315350036 0.10436737315350036
9 0.6840277777777778 0.9357638888888888 0.07891414141414128 0.1076101928374656
8 0.8107638888888888 0.9357638888888888 0.08895775941230492 0.10617539026629924
7 0.9357638888888888 0.9427083333333334 0.08034894398530766 0.0961317722681358
