0 0.057291666666666664 0.0642361111111111 0.0802825947334618 0.0973426461143224
1 0.1840277777777778 0.06076388888888889 0.09518272915704598 0.10615332914006062
2 0.4340277777777778 0.059027777777777776 0.10043617998163452 0.11047979797979797
3 0.5607638888888888 0.06076388888888889 0.10336384071933215 0.1083815028901734
4 0.6857638888888888 0.059027777777777776 0.08096740194907565 0.1116022614478999
1 0.8090277777777778 0.059027777777777776 0.09182736455463728 0.10474058769513316
0 0.9375 0.0625 0.07747933884297531 0.09756657483930208
4 0.3107638888888889 0.06076388888888889 0.08912006626963276 0.11002646671656131
5 0.06076388888888889 0.19444444444444445 0.07891414141414144 0.09039256198347112
5 0.1840277777777778 0.19444444444444445 0.07747933884297521 0.08895775941230483
5 0.3125 0.19270833333333334 0.07604453627180903 0.09039256198347106
5 0.4357638888888889 0.19444444444444445 0.07317493112947658 0.0918273645546373
5 0.5607638888888888 0.19444444444444445 0.07604453627180903 0.09326216712580353
5 0.6857638888888888 0.19444444444444445 0.07604453627180884 0.0918273645546373
5 0.8107638888888888 0.19270833333333334 0.07410738692760492 0.09323446631315788
5 0.9357638888888888 0.1909722222222222 0.07672934348742287 0.09048661204796254
6 0.059027777777777776 0.8177083333333334 0.07516068130065766 0.08999164662919264
6 0.1857638888888889 0.8177083333333334 0.0755350569541979 0.09329816159493001
6 0.3107638888888889 0.8177083333333334 0.07348652380345763 0.09042855645259745
6 0.4357638888888889 0.8159722222222222 0.07387632565805191 0.08899375388143128
6 0.5590277777777778 0.8177083333333334 0.0762684649967887 0.08931438664097621
6 0.6875 0.8159722222222222 0.07939160721773714 0.08885276172125886
6 0.8107638888888888 0.8177083333333334 0.07747933884297531 0.09326216712580354
6 0.9375 0.8177083333333334 0.07747933884297492 0.09326216712580354
7 0.057291666666666664 0.9340277777777778 0.08465335169880624 0.10330578512396688
8 0.1840277777777778 0.9322916666666666 0.09661753172821225 0.1027197553570386
9 0.3107638888888889 0.9322916666666666 0.08610946896712798 0.10816868766487787
10 0.4357638888888889 0.9322916666666666 0.10330578512396688 0.1076101928374656
11 0.5590277777777778 0.9357638888888888 0.09970161082713631 0.1053846730574267
9 0.6822916666666666 0.9340277777777778 0.08321854912763982 0.10474058769513325
8 0.8107638888888888 0.9357638888888888 0.09039256198347109 0.10474058769513296
7 0.9340277777777778 0.9409722222222222 0.07604453627180913 0.09756657483930198
