0 0.059027777777777776 0.0642361111111111 0.08608815426997246 0.10330578512396688
1 0.18229166666666666 0.0625 0.09518272915704598 0.10615332914006062
2 0.4375 0.0625 0.10043617998163452 0.11047979797979798
3 0.5642361111111112 0.0625 0.10336384071933215 0.1083815028901734
4 0.6875 0.0625 0.08096740194907565 0.1116022614478999
1 0.8142361111111112 0.0642361111111111 0.09182736455463728 0.10474058769513314
0 0.9409722222222222 0.06597222222222222 0.07747933884297531 0.09756657483930208
4 0.3125 0.059027777777777776 0.09198967141196521 0.10715686157422889
5 0.06076388888888889 0.19444444444444445 0.07891414141414144 0.09039256198347109
5 0.1857638888888889 0.19444444444444445 0.07766586317722683 0.0918273645546373
5 0.3107638888888889 0.19791666666666666 0.07604453627180903 0.090392561983471
5 0.4375 0.19444444444444445 0.07317493112947658 0.09182736455463732
5 0.5642361111111112 0.19444444444444445 0.07479625803489437 0.09326216712580347
5 0.6875 0.19444444444444445 0.07604453627180884 0.09182736455463732
5 0.8125 0.19791666666666666 0.07410738692760492 0.09323446631315793
5 0.9392361111111112 0.19618055555555555 0.07747933884297512 0.09039256198347106
6 0.050347222222222224 0.8246527777777778 0.07604453627180899 0.09326216712580354
6 0.18055555555555555 0.8229166666666666 0.07604453627180899 0.08895775941230492
6 0.3055555555555556 0.8229166666666666 0.07348652380345763 0.09042855645259745
6 0.4340277777777778 0.8229166666666666 0.08034894398530756 0.09182736455463728
6 0.5572916666666666 0.8194444444444444 0.07976059199456476 0.09129109672659326
6 0.6857638888888888 0.8211805555555556 0.07939160721773714 0.08885276172125886
6 0.8090277777777778 0.8229166666666666 0.07585801193755752 0.08895775941230492
6 0.9357638888888888 0.8246527777777778 0.07747933884297492 0.09326216712580354
7 0.050347222222222224 0.9444444444444444 0.08171200642791547 0.09781049127640035
8 0.17881944444444445 0.9427083333333334 0.09469696969696972 0.10330578512396708
9 0.3055555555555556 0.9409722222222222 0.08610946896712798 0.10816868766487787
10 0.4288194444444444 0.9392361111111112 0.10330578512396688 0.1076101928374656
11 0.5590277777777778 0.9409722222222222 0.1011364133983026 0.10968908077092523
9 0.6840277777777778 0.9392361111111112 0.08608815426997217 0.1076101928374656
8 0.8090277777777778 0.9427083333333334 0.09039256198347109 0.10474058769513286
7 0.9357638888888888 0.9479166666666666 0.08321854912764001 0.09900137741046836
