0 0.059027777777777776 0.06770833333333333 0.07604453627180902 0.10330578512396692
1 0.1892361111111111 0.0642361111111111 0.0887712350780532 0.10474058769513318
2 0.4409722222222222 0.0642361111111111 0.1034923094582185 0.10474058769513316
3 0.5659722222222222 0.0642361111111111 0.1019534214982193 0.10983836658757833
4 0.6909722222222222 0.0625 0.07872761707988978 0.10904499540863181
1 0.8125 0.0642361111111111 0.09020603764921908 0.10761019283746559
0 0.9392361111111112 0.06770833333333333 0.07747933884297531 0.09756657483930206
4 0.3125 0.0642361111111111 0.08608815426997246 0.10761019283746555
5 0.06076388888888889 0.19791666666666666 0.07604453627180899 0.09039256198347097
5 0.1892361111111111 0.19791666666666666 0.07604453627180899 0.08895775941230477
5 0.3159722222222222 0.19791666666666666 0.07317493112947664 0.09039256198347106
5 0.4409722222222222 0.19444444444444445 0.07317493112947658 0.09182736455463722
5 0.5642361111111112 0.19791666666666666 0.07747933884297512 0.09182736455463728
5 0.6875 0.19618055555555555 0.07604453627180884 0.0918273645546373
5 0.8159722222222222 0.19791666666666666 0.07747933884297531 0.09326216712580354
5 0.9392361111111112 0.19618055555555555 0.07604453627180893 0.08895775941230483
6 0.06076388888888889 0.8229166666666666 0.08034894398530762 0.09182736455463728
6 0.1875 0.8194444444444444 0.07604453627180899 0.08895775941230492
6 0.3125 0.8194444444444444 0.07348652380345763 0.09042855645259745
6 0.4427083333333333 0.8194444444444444 0.08034894398530756 0.09182736455463728
6 0.5625 0.8177083333333334 0.07402138170990015 0.09272589929775964
6 0.6892361111111112 0.8194444444444444 0.07604453627180903 0.09182736455463718
6 0.8107638888888888 0.8159722222222222 0.07747933884297512 0.09326216712580365
6 0.9357638888888888 0.8177083333333334 0.07747933884297492 0.09326216712580354
7 0.06076388888888889 0.9427083333333334 0.07891414141414141 0.09756657483930198
8 0.1840277777777778 0.9392361111111112 0.0932621671258035 0.10474058769513325
9 0.3107638888888889 0.9357638888888888 0.0805567830167146 0.10960349023604404
10 0.4409722222222222 0.9340277777777778 0.10330578512396688 0.1076101928374656
11 0.5659722222222222 0.9357638888888888 0.1011364133983026 0.10968908077092523
9 0.6875 0.9340277777777778 0.08016241965105585 0.10617539026629944
8 0.8090277777777778 0.9357638888888888 0.09182736455463747 0.10474058769513325
7 0.9375 0.9392361111111112 0.07604453627180874 0.09756657483930217
