1 0.18229166666666666 0.0625 0.0916408402203856 0.10617539026629938
2 0.5607638888888888 0.06076388888888889 0.10349230945821859 0.1119146005509642
3 0.06076388888888889 0.5642361111111112 0.10474058769513309 0.10761019283746551
4 0.6840277777777778 0.06076388888888889 0.07872761707988978 0.1090449954086318
1 0.8072916666666666 0.06076388888888889 0.09020603764921908 0.10761019283746559
0 0.9375 0.0625 0.07747933884297531 0.09756657483930209
4 0.3107638888888889 0.0642361111111111 0.08895775941230487 0.11047979797979796
5 0.059027777777777776 0.19618055555555555 0.07317493112947655 0.09039256198347097
5 0.1857638888888889 0.3229166666666667 0.07604453627180899 0.08895775941230467
5 0.5590277777777778 0.19444444444444445 0.07460973370064276 0.09039256198347106
5 0.6857638888888888 0.19444444444444445 0.07460973370064286 0.0918273645546374
5 0.8107638888888888 0.1909722222222222 0.07174012855831041 0.09326216712580347
5 0.9392361111111112 0.1909722222222222 0.07460973370064276 0.09039256198347102
6 0.06076388888888889 0.8229166666666666 0.08034894398530762 0.09182736455463728
6 0.1857638888888889 0.8229166666666666 0.07604453627180899 0.08895775941230492
6 0.3107638888888889 0.8177083333333334 0.07348652380345763 0.09042855645259745
6 0.5642361111111112 0.8177083333333334 0.07976059199456495 0.09559550444009199
6 0.6875 0.8194444444444444 0.07604453627180903 0.09182736455463718
6 0.8107638888888888 0.8177083333333334 0.07891414141414149 0.08752295684113874
6 0.9392361111111112 0.8194444444444444 0.07729281450872369 0.09182736455463737
7 0.059027777777777776 0.9444444444444444 0.07891414141414141 0.09756657483930198
8 0.1840277777777778 0.9427083333333334 0.0932621671258035 0.10474058769513325
9 0.3107638888888889 0.9375 0.0805567830167146 0.10960349023604404
10 0.4375 0.9357638888888888 0.10330578512396688 0.1076101928374656
11 0.059027777777777776 0.0625 0.10474058769513321 0.103305785123967
9 0.6857638888888888 0.9375 0.08608815426997246 0.10904499540863179
8 0.8142361111111112 0.9375 0.09182736455463747 0.10474058769513325
7 0.9427083333333334 0.9409722222222222 0.07604453627180874 0.09756657483930217
