0 0.057291666666666664 0.0642361111111111 0.08128612716763008 0.10336384071933202
1 0.1840277777777778 0.059027777777777776 0.09433204881181759 0.10637443802183688
2 0.4357638888888889 0.0625 0.1013567758509955 0.10938503532434168
3 0.5607638888888888 0.06076388888888889 0.10938503532434159 0.11038856775850996
4 0.6857638888888888 0.0625 0.07927906229929348 0.11139210019267821
1 0.8125 0.0625 0.09507466281310212 0.10537090558766858
0 0.9392361111111112 0.0642361111111111 0.08228965960179835 0.10035324341682722
4 0.3107638888888889 0.06076388888888889 0.08931438664097621 0.1083815028901734
5 0.0625 0.19270833333333334 0.07199341682723187 0.09132145150931278
5 0.1875 0.19270833333333334 0.07927906229929353 0.08931438664097624
5 0.3107638888888889 0.19444444444444445 0.07526493256262039 0.09433204881181759
5 0.4375 0.19618055555555555 0.07325786769428394 0.09533558124598586
5 0.5625 0.19618055555555555 0.07699780914770413 0.0928031961761599
5 0.6875 0.19618055555555555 0.0761767371561118 0.09481026104449645
5 0.8107638888888888 0.19618055555555555 0.08109487544918438 0.09380672861032818
5 0.9357638888888888 0.19444444444444445 0.07640066588109147 0.09237192603916197
6 0.059027777777777776 0.8194444444444444 0.08002167630057805 0.09433204881181763
6 0.1875 0.8177083333333334 0.07426140012845221 0.09132145150931287
6 0.3142361111111111 0.8177083333333334 0.08002167630057805 0.09232498394348099
6 0.4375 0.8142361111111112 0.0762684649967886 0.09232498394348108
6 0.5625 0.8159722222222222 0.07225433526011561 0.08730732177263976
6 0.6857638888888888 0.8159722222222222 0.07426140012845216 0.09132145150931287
6 0.8107638888888888 0.8159722222222222 0.07526493256262058 0.09132145150931276
6 0.9340277777777778 0.8177083333333334 0.07927906229929348 0.08931438664097631
7 0.059027777777777776 0.9375 0.07727199743095697 0.09934971098265895
8 0.1857638888888889 0.9375 0.09332851637764931 0.10436737315350036
9 0.3090277777777778 0.9322916666666666 0.08329319203596658 0.10938503532434168
10 0.4357638888888889 0.9305555555555556 0.1013567758509955 0.11038856775851001
11 0.5607638888888888 0.9340277777777778 0.10510998715478485 0.10838150289017327
9 0.6840277777777778 0.9357638888888888 0.0802825947334619 0.1093850353243418
8 0.8107638888888888 0.9392361111111112 0.09332851637764941 0.10637443802183692
7 0.9357638888888888 0.9427083333333334 0.07927906229929367 0.10236030828516382
