2 0.5590277777777778 0.06076388888888889 0.10330578512396699 0.11621900826446284
3 0.4357638888888889 0.4392361111111111 0.10474058769513311 0.10761019283746492
4 0.6840277777777778 0.059027777777777776 0.07872761707988978 0.10904499540863183
1 0.8090277777777778 0.059027777777777776 0.09182736455463728 0.10187098255280072
0 0.9357638888888888 0.0625 0.07747933884297531 0.09756657483930209
4 0.3090277777777778 0.0625 0.08465335169880624 0.11191460055096417
5 0.06076388888888889 0.19618055555555555 0.07460973370064278 0.0932621671258033
5 0.1857638888888889 0.3194444444444444 0.07604453627180899 0.08895775941230467
5 0.5607638888888888 0.19444444444444445 0.07891414141414138 0.09039256198347105
5 0.6857638888888888 0.19444444444444445 0.07460973370064286 0.0918273645546374
5 0.8107638888888888 0.1909722222222222 0.07174012855831041 0.09326216712580347
5 0.9375 0.1892361111111111 0.07460973370064296 0.09182736455463715
6 0.06076388888888889 0.8229166666666666 0.08321854912764001 0.09469696969696972
6 0.1840277777777778 0.8211805555555556 0.08034894398530751 0.090392561983471
6 0.3090277777777778 0.8229166666666666 0.07348652380345763 0.09042855645259745
6 0.5590277777777778 0.8194444444444444 0.07976059199456495 0.09559550444009199
6 0.6857638888888888 0.8211805555555556 0.07604453627180903 0.09182736455463718
6 0.8072916666666666 0.8177083333333334 0.07747933884297531 0.09039256198347109
6 0.9357638888888888 0.8211805555555556 0.07729281450872369 0.09182736455463737
7 0.059027777777777776 0.9461805555555556 0.08178374655647384 0.10043617998163452
8 0.18229166666666666 0.9427083333333334 0.0932621671258035 0.10474058769513325
9 0.3090277777777778 0.9375 0.0805567830167146 0.10960349023604404
10 0.4340277777777778 0.9375 0.10492711202938516 0.11191460055096375
11 0.18229166666666666 0.0625 0.10617539026629928 0.10474058769513311
9 0.6822916666666666 0.9375 0.08465335169880629 0.10617539026629944
8 0.8090277777777778 0.9392361111111112 0.09182736455463747 0.10474058769513325
7 0.9357638888888888 0.9427083333333334 0.07604453627180874 0.09756657483930217
