2 0.5590277777777778 0.06076388888888889 0.10330578512396699 0.11621900826446284
3 0.4357638888888889 0.4409722222222222 0.10474058769513311 0.10761019283746492
4 0.6840277777777778 0.059027777777777776 0.07872761707988978 0.10904499540863183
1 0.8107638888888888 0.0625 0.09326216712580365 0.10761019283746558
0 0.9375 0.0625 0.07747933884297531 0.09756657483930206
4 0.3090277777777778 0.0625 0.08465335169880624 0.11191460055096417
5 0.057291666666666664 0.19618055555555555 0.07460973370064278 0.0932621671258033
5 0.1857638888888889 0.3229166666666667 0.07604453627180899 0.0961317722681359
5 0.5625 0.19618055555555555 0.07891414141414138 0.09039256198347106
5 0.6857638888888888 0.19791666666666666 0.07460973370064286 0.0918273645546374
5 0.8107638888888888 0.19791666666666666 0.07174012855831041 0.09326216712580344
5 0.9375 0.19270833333333334 0.07460973370064296 0.09182736455463712
6 0.0625 0.8263888888888888 0.08321854912764001 0.09469696969696972
6 0.1875 0.8246527777777778 0.08034894398530751 0.090392561983471
6 0.3107638888888889 0.8229166666666666 0.07348652380345763 0.09042855645259745
6 0.5607638888888888 0.8229166666666666 0.07976059199456495 0.09559550444009199
6 0.6875 0.8229166666666666 0.07604453627180903 0.09182736455463718
6 0.8125 0.8229166666666666 0.07747933884297531 0.09039256198347109
6 0.9392361111111112 0.8246527777777778 0.07729281450872369 0.09182736455463737
7 0.06076388888888889 0.9461805555555556 0.08321854912764004 0.10043617998163452
8 0.4375 0.8177083333333334 0.09326216712580344 0.10474058769513345
9 0.3090277777777778 0.9409722222222222 0.0805567830167146 0.10960349023604404
10 0.4357638888888889 0.9392361111111112 0.10043617998163452 0.11047979797979796
11 0.18229166666666666 0.0625 0.10617539026629928 0.10474058769513311
9 0.6875 0.9409722222222222 0.08465335169880629 0.10617539026629944
8 0.8090277777777778 0.9427083333333334 0.09182736455463747 0.10474058769513325
7 0.9409722222222222 0.9461805555555556 0.08178374655647364 0.10043617998163452
