2 0.5607638888888888 0.0625 0.10330578512396688 0.11478420569329661
3 0.4340277777777778 0.4375 0.1018709825528007 0.10474058769513311
4 0.6875 0.059027777777777776 0.08608815426997227 0.10904499540863175
1 0.8090277777777778 0.0625 0.09326216712580365 0.10761019283746556
0 0.9375 0.0625 0.07747933884297531 0.09756657483930206
5 0.06076388888888889 0.19618055555555555 0.08178374655647382 0.0932621671258035
5 0.1875 0.3211805555555556 0.07747933884297516 0.09182736455463728
5 0.5625 0.3211805555555556 0.07891414141414138 0.09039256198347105
5 0.6840277777777778 0.19444444444444445 0.07460973370064286 0.09182736455463737
5 0.8090277777777778 0.19270833333333334 0.07174012855831041 0.09326216712580344
5 0.9375 0.19270833333333334 0.07460973370064296 0.09182736455463712
6 0.06076388888888889 0.8246527777777778 0.08034894398530763 0.09039256198347109
6 0.1875 0.8229166666666666 0.08034894398530751 0.090392561983471
6 0.3125 0.8211805555555556 0.07348652380345763 0.09042855645259745
6 0.5590277777777778 0.8194444444444444 0.08034894398530766 0.090392561983471
6 0.6875 0.8194444444444444 0.07604453627180903 0.09182736455463718
6 0.8125 0.8194444444444444 0.07747933884297531 0.09039256198347109
6 0.9392361111111112 0.8211805555555556 0.07729281450872369 0.09182736455463737
7 0.059027777777777776 0.9427083333333334 0.08465335169880626 0.09900137741046836
8 0.4357638888888889 0.8142361111111112 0.09326216712580344 0.10474058769513345
9 0.3107638888888889 0.9409722222222222 0.0862959933013795 0.10816868766487768
10 0.4357638888888889 0.9409722222222222 0.10043617998163452 0.11047979797979796
11 0.3107638888888889 0.0642361111111111 0.10617539026629928 0.1047405876951331
9 0.6875 0.9375 0.08465335169880629 0.10617539026629944
8 0.8107638888888888 0.9392361111111112 0.09182736455463747 0.10474058769513325
7 0.9375 0.9427083333333334 0.08178374655647364 0.10043617998163452
