2 0.5659722222222222 0.1875 0.10043617998163452 0.10904499540863176
3 0.4392361111111111 0.4375 0.1018709825528007 0.10474058769513311
4 0.6892361111111112 0.0625 0.08608815426997227 0.10904499540863176
1 0.8142361111111112 0.0642361111111111 0.09326216712580365 0.10761019283746559
0 0.9409722222222222 0.06770833333333333 0.07747933884297531 0.09756657483930203
5 0.06076388888888889 0.19618055555555555 0.08178374655647382 0.0932621671258035
5 0.1875 0.3211805555555556 0.07747933884297516 0.09182736455463728
5 0.5642361111111112 0.3211805555555556 0.07891414141414138 0.09039256198347105
5 0.6892361111111112 0.19444444444444445 0.08465335169880629 0.09039256198347109
5 0.8142361111111112 0.19618055555555555 0.07174012855831041 0.09326216712580347
5 0.9392361111111112 0.19618055555555555 0.07460973370064296 0.09182736455463708
6 0.06076388888888889 0.8211805555555556 0.07747933884297524 0.09469696969696982
6 0.1875 0.8211805555555556 0.08034894398530751 0.090392561983471
6 0.3125 0.8211805555555556 0.07348652380345763 0.09042855645259745
6 0.5659722222222222 0.5694444444444444 0.08034894398530766 0.090392561983471
6 0.6892361111111112 0.8211805555555556 0.07604453627180903 0.09182736455463718
6 0.8159722222222222 0.8194444444444444 0.07747933884297531 0.09039256198347109
6 0.9392361111111112 0.8211805555555556 0.07729281450872369 0.09182736455463737
7 0.059027777777777776 0.9427083333333334 0.08465335169880626 0.09900137741046836
8 0.4357638888888889 0.8142361111111112 0.09326216712580344 0.10474058769513345
9 0.3107638888888889 0.9409722222222222 0.0862959933013795 0.10816868766487768
10 0.4392361111111111 0.9375 0.10043617998163452 0.11047979797979796
11 0.3177083333333333 0.0625 0.10617539026629928 0.1047405876951331
9 0.6875 0.9375 0.08465335169880629 0.10617539026629944
8 0.8107638888888888 0.9409722222222222 0.09182736455463747 0.10474058769513325
7 0.9375 0.9427083333333334 0.08178374655647364 0.10043617998163452
