2 0.5642361111111112 0.1875 0.1018709825528007 0.10761019283746559
3 0.4357638888888889 0.0625 0.10043617998163452 0.10617539026629957
4 0.6857638888888888 0.06076388888888889 0.08608815426997227 0.10617539026629934
1 0.6822916666666666 0.3107638888888889 0.0961317722681359 0.11047979797979801
0 0.9392361111111112 0.0625 0.08016241965105625 0.10187098255280068
5 0.0625 0.19444444444444445 0.07747933884297524 0.08895775941230484
5 0.1875 0.3177083333333333 0.07747933884297521 0.09182736455463732
5 0.5590277777777778 0.3211805555555556 0.07604453627180893 0.0932621671258034
5 0.6840277777777778 0.19444444444444445 0.08608815426997246 0.0918273645546373
5 0.8107638888888888 0.19444444444444445 0.07891414141414149 0.08895775941230484
5 0.9357638888888888 0.19270833333333334 0.07891414141414149 0.09469696969696965
6 0.06076388888888889 0.8194444444444444 0.08034894398530766 0.09326216712580365
6 0.1840277777777778 0.8194444444444444 0.07891414141414134 0.09182736455463728
6 0.3107638888888889 0.8177083333333334 0.07747933884297521 0.090392561983471
6 0.5590277777777778 0.5694444444444444 0.07747933884297521 0.09039256198347109
6 0.6822916666666666 0.8211805555555556 0.07604453627180903 0.09326216712580354
6 0.8072916666666666 0.8211805555555556 0.07747933884297531 0.09039256198347109
6 0.9357638888888888 0.8229166666666666 0.07729281450872369 0.09182736455463737
7 0.057291666666666664 0.9409722222222222 0.08465335169880626 0.09900137741046836
8 0.4357638888888889 0.8107638888888888 0.09326216712580344 0.1076101928374656
9 0.3107638888888889 0.9392361111111112 0.08895775941230487 0.11047979797979786
10 0.4340277777777778 0.9375 0.10330578512396688 0.10904499540863169
11 0.06076388888888889 0.3107638888888889 0.10043617998163443 0.11047979797979796
9 0.1857638888888889 0.4357638888888889 0.08321854912764011 0.10617539026629894
8 0.8090277777777778 0.9375 0.09326216712580344 0.10617539026629944
7 0.9357638888888888 0.9444444444444444 0.07993285123966941 0.09781049127640035
