2 0.5607638888888888 0.1875 0.1018709825528007 0.10761019283746559
3 0.4375 0.06076388888888889 0.10043617998163452 0.10617539026629955
4 0.6857638888888888 0.06076388888888889 0.08608815426997227 0.10617539026629934
1 0.6840277777777778 0.3142361111111111 0.09182736455463728 0.10474058769513316
0 0.9392361111111112 0.0625 0.08016241965105625 0.10187098255280068
5 0.0625 0.19444444444444445 0.07747933884297524 0.09039256198347102
5 0.1892361111111111 0.3211805555555556 0.07747933884297516 0.0932621671258035
5 0.5625 0.3229166666666667 0.07604453627180893 0.0932621671258034
5 0.6840277777777778 0.19444444444444445 0.08321854912763992 0.0918273645546373
5 0.8107638888888888 0.19444444444444445 0.07891414141414149 0.0918273645546373
5 0.9357638888888888 0.19444444444444445 0.07891414141414149 0.09469696969696967
6 0.0625 0.8229166666666666 0.08034894398530766 0.09326216712580365
6 0.1857638888888889 0.8229166666666666 0.07891414141414134 0.09182736455463728
6 0.3107638888888889 0.8211805555555556 0.07604453627180903 0.090392561983471
6 0.5590277777777778 0.5711805555555556 0.07747933884297521 0.09039256198347109
6 0.6822916666666666 0.8211805555555556 0.07604453627180903 0.09326216712580354
6 0.8090277777777778 0.8229166666666666 0.08034894398530786 0.09326216712580344
6 0.9357638888888888 0.8229166666666666 0.07729281450872369 0.09182736455463737
7 0.06076388888888889 0.9427083333333334 0.08465335169880626 0.09900137741046836
8 0.4340277777777778 0.8142361111111112 0.09326216712580344 0.1076101928374656
9 0.3107638888888889 0.9392361111111112 0.08895775941230487 0.11047979797979786
10 0.4340277777777778 0.9375 0.10330578512396688 0.10904499540863169
11 0.0625 0.3125 0.10187098255280073 0.10617539026629934
9 0.1875 0.4375 0.08321854912764011 0.1061753902662989
8 0.6857638888888888 0.6892361111111112 0.096131772268136 0.10474058769513325
7 0.9357638888888888 0.9444444444444444 0.07993285123966941 0.09781049127640035
