2 0.5625 0.1875 0.1018709825528007 0.11047979797979798
3 0.4392361111111111 0.0642361111111111 0.09964396991459513 0.10610622117125007
4 0.6875 0.06076388888888889 0.08022022643672679 0.11227670159291282
1 0.6840277777777778 0.8107638888888888 0.09182736455463728 0.10474058769513316
0 0.9409722222222222 0.06597222222222222 0.08016241965105625 0.10187098255280068
5 0.06076388888888889 0.19444444444444445 0.07747933884297524 0.09039256198347102
5 0.1892361111111111 0.3194444444444444 0.07747933884297516 0.0932621671258035
5 0.5625 0.3211805555555556 0.07604453627180893 0.0932621671258034
5 0.6875 0.19791666666666666 0.08321854912763992 0.09182736455463728
5 0.8125 0.19791666666666666 0.07891414141414149 0.09182736455463728
5 0.9375 0.19791666666666666 0.07891414141414149 0.0946969696969697
6 0.057291666666666664 0.8194444444444444 0.08034894398530766 0.09326216712580365
6 0.1857638888888889 0.8194444444444444 0.07891414141414134 0.09182736455463728
6 0.3125 0.8194444444444444 0.07837903469800464 0.09142644920035882
6 0.8090277777777778 0.8194444444444444 0.08034894398530786 0.09326216712580344
6 0.9357638888888888 0.8177083333333334 0.07729281450872369 0.09182736455463737
7 0.057291666666666664 0.9444444444444444 0.08465335169880626 0.09900137741046836
8 0.4340277777777778 0.8125 0.09326216712580344 0.1076101928374656
9 0.3090277777777778 0.9357638888888888 0.08469083902609922 0.1100347603730421
10 0.5625 0.8090277777777778 0.10330578512396688 0.10904499540863159
11 0.0625 0.3125 0.10187098255280073 0.10617539026629934
9 0.1875 0.4375 0.08120717155793351 0.10579935588146311
8 0.6840277777777778 0.6875 0.096131772268136 0.10474058769513325
7 0.5607638888888888 0.9375 0.07993285123966941 0.09781049127640035
