2 0.5590277777777778 0.1857638888888889 0.1018709825528007 0.11047979797979798
3 0.4357638888888889 0.06076388888888889 0.09964396991459513 0.10610622117125007
4 0.6840277777777778 0.06076388888888889 0.08530025690430332 0.10838150289017341
1 0.8055555555555556 0.5590277777777778 0.09182736455463728 0.10474058769513316
0 0.9357638888888888 0.0625 0.07871534246829863 0.09898760994071025
5 0.1857638888888889 0.3177083333333333 0.07741730229249935 0.09217022431355065
5 0.5590277777777778 0.3194444444444444 0.07604453627180893 0.0932621671258034
5 0.6822916666666666 0.19444444444444445 0.08321854912763992 0.09182736455463728
5 0.8090277777777778 0.19270833333333334 0.07891414141414149 0.09182736455463728
5 0.9375 0.1909722222222222 0.07891414141414149 0.0946969696969697
6 0.057291666666666664 0.8177083333333334 0.08034894398530766 0.09326216712580365
6 0.18229166666666666 0.8177083333333334 0.07891414141414134 0.09182736455463728
6 0.3055555555555556 0.8159722222222222 0.07837903469800464 0.09142644920035882
6 0.8055555555555556 0.8159722222222222 0.08034894398530786 0.09326216712580344
6 0.9340277777777778 0.8194444444444444 0.07655899178330866 0.09358843957175525
7 0.057291666666666664 0.9392361111111112 0.08465335169880626 0.09900137741046836
8 0.4305555555555556 0.8090277777777778 0.09196437575969885 0.1062030910789451
9 0.3055555555555556 0.9357638888888888 0.08469083902609922 0.1100347603730421
10 0.5555555555555556 0.8072916666666666 0.10330578512396688 0.10904499540863159
11 0.06076388888888889 0.1857638888888889 0.10198311278842019 0.10578840825490854
9 0.1857638888888889 0.4357638888888889 0.08120717155793351 0.10579935588146301
8 0.6805555555555556 0.6840277777777778 0.096131772268136 0.10474058769513325
7 0.5555555555555556 0.9357638888888888 0.07993285123966941 0.09781049127640035
