2 0.8107638888888888 0.3125 0.1018709825528007 0.11047979797979801
3 0.3159722222222222 0.0625 0.10265456721709991 0.11012035090792316
4 0.6892361111111112 0.06076388888888889 0.0802825947334621 0.11038856775850997
1 0.9322916666666666 0.8107638888888888 0.09182736455463747 0.10474058769513316
0 0.9409722222222222 0.06597222222222222 0.07871534246829863 0.09898760994071025
5 0.1875 0.3194444444444444 0.07741730229249935 0.09217022431355065
5 0.5625 0.3194444444444444 0.07604453627180893 0.0932621671258034
5 0.6875 0.19618055555555555 0.08321854912763992 0.09182736455463728
5 0.8125 0.19618055555555555 0.07891414141414149 0.09182736455463728
5 0.9392361111111112 0.19618055555555555 0.07891414141414149 0.09469696969696967
6 0.05381944444444445 0.8177083333333334 0.08034894398530766 0.09326216712580365
6 0.18229166666666666 0.8177083333333334 0.07891414141414134 0.09182736455463728
6 0.3107638888888889 0.5694444444444444 0.07837903469800464 0.09142644920035882
6 0.8072916666666666 0.8177083333333334 0.08034894398530786 0.09326216712580344
7 0.05381944444444445 0.9392361111111112 0.08465335169880626 0.09900137741046836
8 0.5572916666666666 0.5607638888888888 0.09031791907514444 0.10436737315350027
9 0.8090277777777778 0.4375 0.08268377415776257 0.10401356576803217
10 0.5572916666666666 0.8072916666666666 0.10330578512396688 0.10904499540863159
11 0.06076388888888889 0.1857638888888889 0.10198311278842019 0.10578840825490854
9 0.1857638888888889 0.4357638888888889 0.08120717155793357 0.10680288831563124
8 0.6822916666666666 0.6857638888888888 0.096131772268136 0.10474058769513325
7 0.5555555555555556 0.9375 0.08077482324559328 0.0982362876001211
