2 0.8090277777777778 0.3107638888888889 0.1018709825528007 0.11047979797979801
3 0.3107638888888889 0.06076388888888889 0.10265456721709991 0.11012035090792316
4 0.1857638888888889 0.5607638888888888 0.08329319203596681 0.10637443802183692
0 0.4357638888888889 0.06597222222222222 0.07871534246829863 0.09898760994071025
5 0.1875 0.3194444444444444 0.07741730229249935 0.09217022431355065
5 0.5590277777777778 0.3211805555555556 0.07604453627180893 0.0932621671258034
5 0.6875 0.19444444444444445 0.08284964728737718 0.09421875746429079
5 0.8107638888888888 0.19270833333333334 0.07891414141414149 0.09182736455463728
5 0.9375 0.19270833333333334 0.07891414141414149 0.0946969696969697
6 0.057291666666666664 0.8177083333333334 0.08034894398530766 0.09326216712580365
6 0.1840277777777778 0.8177083333333334 0.07891414141414134 0.09182736455463728
6 0.3125 0.5694444444444444 0.07837903469800464 0.09142644920035882
6 0.8090277777777778 0.8177083333333334 0.08034894398530786 0.09326216712580344
7 0.05555555555555555 0.9392361111111112 0.08147290031157614 0.09712983088902681
8 0.5572916666666666 0.5607638888888888 0.09031791907514444 0.10436737315350027
9 0.8072916666666666 0.4357638888888889 0.08268377415776257 0.1060206306363689
10 0.5572916666666666 0.8072916666666666 0.10330578512396688 0.10904499540863159
11 0.06076388888888889 0.1857638888888889 0.10198311278842019 0.10578840825490854
9 0.1875 0.4375 0.08128612716763008 0.10838150289017327
8 0.9322916666666666 0.8107638888888888 0.096131772268136 0.10474058769513325
7 0.6840277777777778 0.9392361111111112 0.08378542054809805 0.10124688490262616
