2 0.8090277777777778 0.3107638888888889 0.1018709825528007 0.11047979797979801
3 0.3125 0.06076388888888889 0.10265456721709991 0.1111238833420914
4 0.1857638888888889 0.5590277777777778 0.08329319203596681 0.10637443802183692
0 0.4375 0.8159722222222222 0.07871534246829863 0.09898760994071035
5 0.1892361111111111 0.3177083333333333 0.07741730229249935 0.09217022431355065
5 0.5625 0.3194444444444444 0.07472982584648394 0.09155085404756985
5 0.8107638888888888 0.19618055555555555 0.07891414141414149 0.09182736455463728
5 0.9340277777777778 0.19270833333333334 0.07891414141414149 0.09469696969696967
6 0.06076388888888889 0.8211805555555556 0.08034894398530766 0.09326216712580365
6 0.1857638888888889 0.8194444444444444 0.07891414141414134 0.09182736455463728
6 0.3142361111111111 0.5694444444444444 0.07837903469800464 0.09142644920035882
6 0.8090277777777778 0.8194444444444444 0.08034894398530786 0.09326216712580344
7 0.059027777777777776 0.9427083333333334 0.08228965960179835 0.1013567758509956
8 0.5572916666666666 0.5625 0.09031791907514444 0.10436737315350027
9 0.8090277777777778 0.4357638888888889 0.08268377415776257 0.1060206306363689
10 0.5607638888888888 0.6840277777777778 0.10330578512396688 0.10904499540863159
11 0.0625 0.1840277777777778 0.10198311278842019 0.10779547312324508
9 0.1892361111111111 0.4375 0.08128612716763008 0.10838150289017337
8 0.9322916666666666 0.8107638888888888 0.096131772268136 0.10474058769513325
7 0.6857638888888888 0.1909722222222222 0.07927906229929338 0.10236030828516375
