2 0.8090277777777778 0.3072916666666667 0.1018709825528007 0.11047979797979801
3 0.3107638888888889 0.06076388888888889 0.10265456721709991 0.1111238833420914
4 0.1857638888888889 0.5590277777777778 0.08329319203596681 0.10637443802183692
0 0.4322916666666667 0.8107638888888888 0.07871534246829863 0.09898760994071035
5 0.1892361111111111 0.3177083333333333 0.07741730229249935 0.09217022431355065
5 0.5590277777777778 0.3194444444444444 0.07472982584648394 0.09155085404756985
5 0.9357638888888888 0.3177083333333333 0.07891414141414149 0.09182736455463722
6 0.059027777777777776 0.8159722222222222 0.08034894398530766 0.09326216712580365
6 0.1840277777777778 0.8159722222222222 0.07856182688683999 0.09315716943475769
6 0.3090277777777778 0.5659722222222222 0.07837903469800464 0.09142644920035882
6 0.8072916666666666 0.8159722222222222 0.08034894398530786 0.09326216712580344
7 0.059027777777777776 0.9375 0.08530025690430316 0.10035324341682718
8 0.5590277777777778 0.5590277777777778 0.09132145150931287 0.10336384071933205
10 0.5572916666666666 0.6788194444444444 0.10330578512396688 0.10904499540863159
11 0.0625 0.1840277777777778 0.10198311278842019 0.10779547312324508
9 0.1875 0.4322916666666667 0.08128612716763008 0.10838150289017351
8 0.9322916666666666 0.8107638888888888 0.096131772268136 0.10474058769513325
7 0.6840277777777778 0.1909722222222222 0.07727199743095693 0.0973426461143223
