2 0.8090277777777778 0.3125 0.1018709825528007 0.11047979797979801
3 0.3107638888888889 0.0625 0.1066686969537731 0.1111238833420914
4 0.1875 0.5625 0.08329319203596681 0.10637443802183692
0 0.4357638888888889 0.8142361111111112 0.07871534246829863 0.09898760994071035
5 0.1892361111111111 0.3211805555555556 0.07741730229249935 0.09217022431355065
5 0.5607638888888888 0.3211805555555556 0.07472982584648394 0.09155085404756985
5 0.9357638888888888 0.3194444444444444 0.07891414141414149 0.09182736455463722
6 0.06076388888888889 0.8229166666666666 0.08034894398530766 0.09326216712580365
6 0.1875 0.8211805555555556 0.07856182688683999 0.09315716943475769
6 0.3125 0.5694444444444444 0.07737550226383622 0.0864087870295176
6 0.8090277777777778 0.8177083333333334 0.08226875958746681 0.08999164662919273
7 0.06076388888888889 0.9427083333333334 0.08429672447013489 0.09834617854849054
8 0.5590277777777778 0.5625 0.09132145150931287 0.10336384071933205
10 0.5607638888888888 0.6857638888888888 0.10330578512396688 0.10904499540863159
11 0.0625 0.1892361111111111 0.10700077495926157 0.10679194068907681
9 0.1857638888888889 0.4409722222222222 0.08128612716763008 0.10838150289017312
8 0.9322916666666666 0.8107638888888888 0.096131772268136 0.10474058769513325
7 0.8107638888888888 0.1909722222222222 0.0762684649967886 0.09834617854849063
