2 0.9375 0.5642361111111112 0.10112024076816557 0.10858602445898827
3 0.3142361111111111 0.06076388888888889 0.10365809965126822 0.1111238833420914
4 0.1892361111111111 0.5625 0.08329319203596681 0.10637443802183692
0 0.2899305555555556 0.8159722222222222 0.07871534246829863 0.09898760994071035
5 0.1909722222222222 0.3194444444444444 0.07741730229249935 0.09217022431355065
5 0.5625 0.3229166666666667 0.07472982584648394 0.09155085404756985
5 0.9392361111111112 0.3229166666666667 0.07891414141414149 0.09182736455463722
6 0.0642361111111111 0.8194444444444444 0.08034894398530766 0.09326216712580365
6 0.1892361111111111 0.8194444444444444 0.07856182688683999 0.09315716943475769
6 0.3159722222222222 0.5694444444444444 0.07927906229929357 0.08931438664097621
6 0.8090277777777778 0.8211805555555556 0.08128612716762992 0.09132145150931276
7 0.06076388888888889 0.9409722222222222 0.08429672447013489 0.09834617854849054
8 0.8090277777777778 0.6875 0.09132145150931287 0.10336384071933205
10 0.6840277777777778 0.6857638888888888 0.10330578512396688 0.10904499540863159
11 0.0625 0.1875 0.10700077495926157 0.10679194068907681
9 0.1909722222222222 0.4375 0.08128612716763008 0.10838150289017318
8 0.9357638888888888 0.8142361111111112 0.0998678986395749 0.10472947419544898
7 0.8142361111111112 0.19270833333333334 0.0762684649967886 0.09834617854849063
