2 0.9322916666666666 0.5607638888888888 0.10112024076816557 0.10858602445898827
3 0.3125 0.059027777777777776 0.10365809965126822 0.1111238833420914
4 0.1840277777777778 0.5607638888888888 0.08329319203596681 0.10637443802183692
0 0.1857638888888889 0.8125 0.07871534246829863 0.09898760994071035
5 0.1892361111111111 0.3194444444444444 0.07741730229249935 0.09217022431355065
5 0.5590277777777778 0.3194444444444444 0.07472982584648394 0.09155085404756985
5 0.9340277777777778 0.3177083333333333 0.07735924669713433 0.09178042245895629
6 0.059027777777777776 0.8125 0.08034894398530766 0.09326216712580365
6 0.3107638888888889 0.5677083333333334 0.07927906229929357 0.08931438664097621
6 0.8090277777777778 0.8177083333333334 0.08128612716762992 0.09132145150931276
7 0.4253472222222222 0.9409722222222222 0.08429672447013495 0.09834617854849054
8 0.8072916666666666 0.6875 0.09132145150931287 0.10336384071933205
10 0.6840277777777778 0.6857638888888888 0.10330578512396688 0.10904499540863159
11 0.0625 0.1875 0.10700077495926157 0.10679194068907681
9 0.1909722222222222 0.4375 0.08128612716763008 0.10838150289017318
8 0.9357638888888888 0.8142361111111112 0.0998678986395749 0.10472947419544898
7 0.8107638888888888 0.1892361111111111 0.0762684649967886 0.09834617854849065
