2 0.9340277777777778 0.5607638888888888 0.10112024076816557 0.10858602445898827
3 0.6857638888888888 0.0625 0.10365809965126822 0.11112388334209139
4 0.1840277777777778 0.5607638888888888 0.08329319203596681 0.10637443802183692
0 0.1875 0.8177083333333334 0.07871534246829863 0.09898760994071035
5 0.1892361111111111 0.3211805555555556 0.07741730229249935 0.09217022431355065
5 0.9375 0.3177083333333333 0.07735924669713433 0.09178042245895629
6 0.06076388888888889 0.8211805555555556 0.08034894398530766 0.09326216712580365
6 0.3125 0.5694444444444444 0.07927906229929357 0.08931438664097621
6 0.8107638888888888 0.8159722222222222 0.08128612716762992 0.09132145150931276
7 0.5625 0.4409722222222222 0.08530025690430312 0.09633911368015419
8 0.8072916666666666 0.6875 0.09132145150931287 0.10336384071933205
10 0.6857638888888888 0.6822916666666666 0.10330578512396688 0.10904499540863159
11 0.0625 0.1875 0.10700077495926157 0.10679194068907681
9 0.1875 0.4392361111111111 0.08128612716763008 0.10838150289017318
8 0.9375 0.8090277777777778 0.0998678986395749 0.10472947419544898
7 0.8107638888888888 0.1909722222222222 0.0762684649967886 0.09834617854849065
