2 0.9357638888888888 0.5625 0.10112024076816557 0.10858602445898827
3 0.5625 0.5625 0.10466163208543616 0.10811328603958643
0 0.4357638888888889 0.8177083333333334 0.07871534246829857 0.09898760994071035
5 0.1892361111111111 0.3211805555555556 0.07741730229249935 0.09217022431355065
5 0.9392361111111112 0.3194444444444444 0.07735924669713433 0.09178042245895629
6 0.06076388888888889 0.8211805555555556 0.08034894398530766 0.09326216712580365
6 0.3142361111111111 0.5729166666666666 0.07927906229929357 0.08931438664097621
6 0.8090277777777778 0.8211805555555556 0.08128612716762992 0.09132145150931276
7 0.3125 0.4427083333333333 0.08530025690430312 0.09633911368015408
10 0.6857638888888888 0.6857638888888888 0.10330578512396688 0.10904499540863159
11 0.6909722222222222 0.1892361111111111 0.10298664522258852 0.11080607042574989
9 0.1892361111111111 0.4375 0.08128612716763008 0.10838150289017327
8 0.9357638888888888 0.8125 0.0998678986395749 0.10472947419544898
7 0.8142361111111112 0.19270833333333334 0.0762684649967886 0.09834617854849065
