2 0.9357638888888888 0.5677083333333334 0.10112024076816557 0.10858602445898827
0 0.4357638888888889 0.8229166666666666 0.07871534246829857 0.09898760994071035
5 0.1892361111111111 0.3246527777777778 0.07741730229249935 0.09217022431355065
5 0.9357638888888888 0.3211805555555556 0.07735924669713433 0.09178042245895629
6 0.06076388888888889 0.828125 0.08034894398530766 0.09326216712580365
6 0.3107638888888889 0.5763888888888888 0.07927906229929357 0.08931438664097621
6 0.8072916666666666 0.828125 0.08128612716762992 0.09132145150931276
7 0.3125 0.4461805555555556 0.08530025690430312 0.09633911368015408
10 0.5607638888888888 0.5659722222222222 0.10136905046258694 0.107823008062761
11 0.6875 0.1892361111111111 0.10298664522258852 0.11080607042574989
9 0.1892361111111111 0.4444444444444444 0.08128612716763008 0.10838150289017322
8 0.9322916666666666 0.8177083333333334 0.09533558124598586 0.10737797045600514
7 0.8107638888888888 0.19444444444444445 0.0762684649967886 0.09834617854849065
